autofire: {}
device_size: 0.02
light:
  l_pf1_3_1:
    x: 0.23351844075253714
    y: 0.9209833187006146
  l_pf1_3_2:
    x: 0.19682268577713843
    y: 0.9122036874451273
  l_pf1_3_3:
    x: 0.13677508672648603
    y: 0.893766461808604
  l_pf1_3_4:
    x: 0.10341530947612358
    y: 0.8832309043020193