switch:
  s_flipper_left:
    x: 0.028464903593902562
    y: 0.8535353535353535
  s_flipper_right:
    x: 0.9749229480911626
    y: 0.8585858585858586
  s_plunger_lane:
    x: 0.9464580444972601
    y: 0.7845117845117845
